42 -33 35 -100 70 -76 79 -42 63 -36 
6 -55 82 -73 62 -9 96 -58 28 -64 
92 -96 3 -47 93 -18 22 -84 19 -5 
48 -74 72 -62 70 -88 68 -1 36 -6 
4 -89 23 -67 74 -36 42 -89 54 -32 
48 -56 63 -43 38 -41 -105 -59 30 -22 
17 -65 91 -58 89 -94 41 -58 65 -52 
47 -95 91 -71 71 -50 7 -99 94 -52 
30 -77 85 -46 57 -60 67 -24 32 -92 
45 -61 27 -77 38 -62 19 -18 30 -59 
34 -85 40 -42 5 -70 78 -94 74 -14 
22 -55 25 -28 71 -71 78 -27 98 -88 
87 -10 62 -64 56 -33 56 -26 32 -48 
51 -50 42 -76 67 -70 8 -9 8 -63 
58 -13 54 -17 46 -91 10 -42 22 -12 
23 -54 7 -70 14 -32 1 -9 63 -45 
11 -41 25 -63 49 -17 105 -59 3 -50 
92 -64 75 -80 97 -79 49 -1 69 -16 
82 -66 54 -1 19 -62 1 -12 28 -33 
29 -7 49 -17 8 -79 11 -83 14 -86 
25 44